x,y,z,joint_5,joint_6,T_bg_0,T_bg_1,T_bg_2,T_bg_3,T_bg_4,T_bg_5,T_bg_6,T_bg_7,T_bg_8,T_bg_9,T_bg_10,T_bg_11,T_bg_12,T_bg_13,T_bg_14,T_bg_15
-0.10000000000000003,-0.2,0.0,-0.19634954084936207,-1.5707963267948966,-0.01200692830515635,-0.9873116674158984,-0.15833984039752375,0.24636051019557187,-0.9937195394216338,-0.005836552899208592,0.11174708775583693,-0.17745748169819642,-0.11125336239561842,0.1586871325429166,-0.9810408163379217,0.053908160005395694,0.0,0.0,0.0,1.0
-0.10000000000000003,-0.2,0.0,-0.19634954084936207,-0.7853981633974483,-0.7065641422711747,-0.689744743914404,-0.1581749066668055,0.24641413645796384,-0.706855390848384,0.6984979717820574,0.11160662993268167,-0.17746066331685365,0.03350476511151277,0.19066402822453304,-0.981083410855579,0.05389920186719813,0.0,0.0,0.0,1.0
-0.10000000000000003,-0.2,0.0,-0.19634954084936207,0.0,-0.9873433461617943,0.011859013035086715,-0.1581533452060533,0.2464249834463783,-0.005937748253695899,0.9937372967181749,0.11158372756334085,-0.1774566934476352,0.15848615061167678,0.11111052569890838,-0.9810894919135589,0.05389792294773227,0.0,0.0,0.0,1.0
-0.10000000000000003,-0.2,0.0,-0.19634954084936207,0.7853981633974483,-0.689771586895132,0.706542763965711,-0.1581533452060533,0.2464249834463783,0.6984797591722428,0.7068770032825766,0.11158372756334085,-0.1774566934476352,0.19063363800456942,-0.03349962563876887,-0.9810894919135589,0.05389792294773227,0.0,0.0,0.0,1.0
-0.10000000000000003,-0.2,0.0,-0.19634954084936207,1.5707963267948966,0.011857595623905781,0.9873453679343116,-0.1581408291513572,0.24642818934741292,0.9937383149726199,0.005936295831928435,0.11157473615103854,-0.17745899653584488,0.1111015696621697,-0.15847360919236547,-0.9810925320315853,0.05390269303045381,0.0,0.0,0.0,1.0
-0.10000000000000003,-0.2,0.0,0.0,-1.5707963267948966,-0.0028672248267789828,-0.9999954383192627,0.0009499276070665887,0.279879527426054,-0.9999934601894375,0.0028651226979842393,-0.002206954979503697,-0.2013833662508479,0.002204223252931259,-0.0009562492308288491,-0.999997113489464,0.0499217781867308,0.0,0.0,0.0,1.0
-0.10000000000000003,-0.2,0.0,0.0,-0.7853981633974483,-0.7091310615359779,-0.7050764511119819,0.0005793549778293001,0.2798052701497426,-0.7050760377076626,0.7091290500033733,-0.0019420328977547566,-0.20133029262459373,0.0009584442184487899,-0.0017856451625167767,-0.9999979464259083,0.04992413022870426,0.0,0.0,0.0,1.0
-0.10000000000000003,-0.2,0.0,0.0,0.0,-0.9999957367070278,0.002867032214631501,0.0005537996473669074,0.2797998955570824,0.00286596197540819,0.9999940426861352,-0.0019237604308947314,-0.20132644970554348,-0.0005593118313372896,-0.0019221650606090757,-0.99999799622387,0.04992411975559535,0.0,0.0,0.0,1.0
-0.10000000000000003,-0.2,0.0,0.0,0.7853981633974483,-0.7050764686623304,0.7091310645040229,0.0005537996473669074,0.2797998955570824,0.70912910987695,0.7050760275820822,-0.0019237604308947314,-0.20132644970554348,-0.0017546691376529925,-0.0009636827601800645,-0.99999799622387,0.04992411975559535,0.0,0.0,0.0,1.0
-0.10000000000000003,-0.2,0.0,0.0,1.5707963267948966,0.002867056794457835,0.9999957294901877,0.0005665569036344351,0.2798031521489337,0.9999940250282263,-0.002865956790900141,-0.001932925120066521,-0.2013287892095442,-0.0019312931378854938,0.0005720953245716132,-0.99999797140482,0.04992953437131009,0.0,0.0,0.0,1.0
-0.10000000000000003,-0.2,0.0,0.19634954084936207,-1.5707963267948966,-0.012029180194158749,-0.9871039355916807,0.1596280650865373,0.3132556960578963,-0.9932698839164811,-0.006595413415042424,-0.11563493514688852,-0.22524168634230518,0.1151965126572715,-0.15994474314993914,-0.9803812741022255,0.054055161214413366,0.0,0.0,0.0,1.0
-0.10000000000000003,-0.2,0.0,0.19634954084936207,-0.7853981633974483,-0.7065063300115184,-0.6895560541728505,0.15925217049454804,0.3131766409144659,-0.7070024561753646,0.6977378752762992,-0.11536630516280433,-0.22518519023309247,-0.031564736901440536,-0.1940987005584652,-0.9804740495422907,0.05403564942606237,0.0,0.0,0.0,1.0
-0.10000000000000003,-0.2,0.0,0.19634954084936207,0.0,-0.9871692565640301,0.011982756956712835,0.159227109596754,0.31317137030692904,-0.006548093951668594,0.9933035135855598,-0.11534839558564303,-0.2251814236341005,-0.15954303921017826,-0.1149110239894251,-0.9804802268303433,0.05403435026825745,0.0,0.0,0.0,1.0
-0.10000000000000003,-0.2,0.0,0.19634954084936207,0.7853981633974483,-0.6895609867939065,0.7065071641967103,0.159227109596754,0.31317137030692904,0.6977414485957018,0.7070018518698448,-0.11534839558564303,-0.2251814236341005,-0.1940683292126408,0.03155960062061576,-0.9804802268303433,0.05403435026825745,0.0,0.0,0.0,1.0
-0.10000000000000003,-0.2,0.0,0.19634954084936207,1.5707963267948966,0.01198275695671277,0.9871692565640301,0.159227109596754,0.31317137030692904,0.9933035135855598,0.00654809395166865,-0.11534839558564303,-0.2251814236341005,-0.1149110239894251,0.15954303921017823,-0.9804802268303433,0.05403435026825745,0.0,0.0,0.0,1.0
-0.10000000000000003,-0.2,0.0,0.39269908169872414,-1.5707963267948966,-0.03897086689596485,-0.949194964375557,0.31226621837378205,0.3453573313520434,-0.973840037953867,-0.03393466204794547,-0.2246864908927613,-0.2481765371343312,0.2238679343081277,-0.3128535732827376,-0.9230415969352815,0.0661143833987477,0.0,0.0,0.0,1.0
-0.10000000000000003,-0.2,0.0,0.39269908169872414,-0.7853981633974483,-0.6987714519622497,-0.6438189412389079,0.31179420909404526,0.34525806213640337,-0.7125808013003616,0.6647525587216806,-0.22434936436529787,-0.24810563538008729,-0.06282562805658119,-0.37894749844139425,-0.9232831276939407,0.06606358658183256,0.0,0.0,0.0,1.0
-0.10000000000000003,-0.2,0.0,0.39269908169872414,0.0,-0.9493547713884518,0.03885729297570151,0.31179420909404526,0.34525806213640337,-0.03381967465962042,0.9739217588260386,-0.22434936436529787,-0.24810563538008729,-0.31238077349270094,-0.22353191823047613,-0.9232831276939407,0.06606358658183256,0.0,0.0,0.0,1.0
-0.10000000000000003,-0.2,0.0,0.39269908169872414,0.7853981633974483,-0.6438189412389079,0.6987714519622497,0.31179420909404526,0.34525806213640337,0.6647525587216806,0.7125808013003616,-0.22434936436529787,-0.24810563538008729,-0.37894749844139425,0.0628256280565812,-0.9232831276939407,0.06606358658183256,0.0,0.0,0.0,1.0
-0.10000000000000003,-0.2,0.0,0.39269908169872414,1.5707963267948966,0.03885729297570144,0.9493547713884517,0.31179420909404526,0.34525806213640337,0.9739217588260385,0.03381967465962048,-0.22434936436529787,-0.24810563538008729,-0.22353191823047613,0.3123807734927009,-0.9232831276939407,0.06606358658183256,0.0,0.0,0.0,1.0
-0.10000000000000003,-0.2,0.05,-0.39269908169872414,-1.5707963267948966,-0.03631794945814732,-0.9495608035898596,-0.31147277061235334,0.21468887612969847,-0.9747615062716539,-0.03504011353176698,0.22048173696407938,-0.15384064405802567,-0.22027485657281004,0.31161911162420874,-0.9243227341315191,0.11597240268191772,0.0,0.0,0.0,1.0
-0.10000000000000003,-0.2,0.05,-0.39269908169872414,-0.7853981633974483,-0.6975085002274752,-0.6454389787526769,-0.3112722551354681,0.21462744098015382,-0.7136611130694376,0.6648520965156234,0.22058899666862714,-0.15397010563638128,0.06457327468008565,0.3760056043006299,-0.9243646887087414,0.11596671434401709,0.0,0.0,0.0,1.0
-0.10000000000000003,-0.2,0.05,-0.39269908169872414,0.0,-0.9495964122809277,0.036857775095301464,-0.3113007520039337,0.21461535093180967,-0.034491896067745054,0.9747488429801816,0.220624119747704,-0.1539716596506331,0.31157176202095466,0.220241225758988,-0.9243467096210902,0.11595426710128337,0.0,0.0,0.0,1.0
-0.10000000000000003,-0.2,0.05,-0.39269908169872414,0.7853981633974483,-0.6454084838827662,0.6975292702490392,-0.31128894307056937,0.21462119511651084,0.6648655000276125,0.7136403802123283,0.2206156717085992,-0.153975840544823,0.3760342481811758,-0.06457805258945608,-0.9243527028783826,0.11595614173068924,0.0,0.0,0.0,1.0
-0.10000000000000003,-0.2,0.05,-0.39269908169872414,1.5707963267948966,0.03684929202812855,0.9496083605505973,-0.31126530685161946,0.21462616609699064,0.9747548738575716,0.03448340155319875,0.22059880078602115,-0.15397938870229222,0.22021595211958542,-0.3115362845476078,-0.9243646887686354,0.11595362095413839,0.0,0.0,0.0,1.0
-0.10000000000000003,-0.2,0.05,-0.19634954084936207,-1.5707963267948966,-0.009965944692837252,-0.9873904012786119,-0.15799011174513752,0.24686184479892162,-0.9937648558674093,-0.007766642669826353,0.11122540404272045,-0.17698197364023413,-0.11104994907340791,0.1581134868520107,-0.9811564778802067,0.10400421664818141,0.0,0.0,0.0,1.0
-0.10000000000000003,-0.2,0.05,-0.19634954084936207,-0.7853981633974483,-0.7052184281597557,-0.6910306850492509,-0.15856721257639164,0.24674047356889892,-0.7082030957214321,0.6971266260838531,0.11163710142924542,-0.1768953887394793,0.03339676323333685,0.19102633202076258,-0.9810166138655501,0.10403363172883187,0.0,0.0,0.0,1.0
-0.10000000000000003,-0.2,0.05,-0.19634954084936207,0.0,-0.9872931569424983,0.010035137658801445,-0.15859230204106542,0.24673519695340446,-0.007835104643642845,0.9937161426239091,0.1116549999949939,-0.1768916244563196,0.15871620392933666,0.1114788047156401,-0.981010521202211,0.10403491308904403,0.0,0.0,0.0,1.0
-0.10000000000000003,-0.2,0.05,-0.19634954084936207,0.7853981633974483,-0.6910257724044359,0.7052176001817939,-0.15859230204106542,0.24673519695340446,0.6971231673990784,0.7082036786487306,0.1116549999949939,-0.1768916244563196,0.1910567228556209,-0.033401885309620925,-0.981010521202211,0.10403491308904403,0.0,0.0,0.0,1.0
-0.10000000000000003,-0.2,0.05,-0.19634954084936207,1.5707963267948966,0.010032249363170622,0.987297216175792,-0.15856721257639164,0.24674047356889892,0.9937181760915215,0.007832246792339037,0.11163710142924542,-0.1768953887394793,0.11146093700510008,-0.1586910925090482,-0.9810166138655501,0.10403363172883187,0.0,0.0,0.0,1.0
-0.10000000000000003,-0.2,0.05,0.0,-1.5707963267948966,-0.000994024858426911,-0.9999993988739829,0.0004627809997526344,0.2801869140395241,-0.9999979146438521,0.000993197572400024,-0.0017844513244295237,-0.20074967753887696,0.0017839906187839378,-0.0004645538236645673,-0.999998300782165,0.09999827870976871,0.0,0.0,0.0,1.0
-0.10000000000000003,-0.2,0.05,0.0,-0.7853981633974483,-0.7078092553293426,-0.7064035781521169,0.0002069879414220808,0.28013311768984045,-0.7064029214701074,0.7078081279098588,-0.0016020621830748856,-0.20071131891378038,0.0009851947112284097,-0.0012801713273232612,-0.9999986952755259,0.099998195743081,0.0,0.0,0.0,1.0
-0.10000000000000003,-0.2,0.05,0.0,0.0,-0.9999994845957817,0.000993963864175317,0.0002069879414220808,0.28013311768984045,0.0009936310025151006,0.9999982230455174,-0.0016020621830748856,-0.20071131891378038,-0.0002085799655321303,-0.0016018556877295924,-0.9999986952755259,0.099998195743081,0.0,0.0,0.0,1.0
-0.10000000000000003,-0.2,0.05,0.0,0.7853981633974483,-0.706403578152117,0.7078092553293425,0.0002069879414220808,0.28013311768984045,0.7078081279098587,0.7064029214701074,-0.0016020621830748856,-0.20071131891378038,-0.0012801713273232612,-0.0009851947112284097,-0.9999986952755259,0.099998195743081,0.0,0.0,0.0,1.0
-0.10000000000000003,-0.2,0.05,0.0,1.5707963267948966,0.0009939638641754925,0.9999994845957817,0.0002069879414220808,0.28013311768984045,0.9999982230455174,-0.0009936310025152465,-0.0016020621830748856,-0.20071131891378038,-0.0016018556877295924,0.00020857996553213054,-0.9999986952755259,0.099998195743081,0.0,0.0,0.0,1.0
-0.10000000000000003,-0.2,0.05,0.19634954084936207,-1.5707963267948966,-0.010136889695334205,-0.9871499450479717,0.15947485525653005,0.31362906140061547,-0.993314054698615,-0.00840035152603568,-0.11513740848410546,-0.22458916466504272,0.11499753130176911,-0.15957575030694865,-0.9804647610742945,0.10410641651281038,0.0,0.0,0.0,1.0
-0.10000000000000003,-0.2,0.05,0.19634954084936207,-0.7853981633974483,-0.7052032501436113,-0.690941357590221,0.15902332017119283,0.313534098153748,-0.7083082437597633,0.6965032718621954,-0.11481560916189296,-0.22452148640598957,-0.031429409934758686,-0.19360586937548968,-0.9805758305885954,0.10408305726111872,0.0,0.0,0.0,1.0
-0.10000000000000003,-0.2,0.05,0.19634954084936207,0.0,-0.9872233196456252,0.0100846809370561,0.15902332017119283,0.313534098153748,-0.008347375680487039,0.9933517489852385,-0.11481560916189296,-0.22452148640598957,-0.15912397200648537,-0.11467607421936599,-0.9805758305885954,0.10408305726111872,0.0,0.0,0.0,1.0
-0.10000000000000003,-0.2,0.05,0.19634954084936207,0.7853981633974483,-0.6909413575902211,0.7052032501436112,0.15902332017119283,0.313534098153748,0.6965032718621953,0.7083082437597633,-0.11481560916189296,-0.22452148640598957,-0.19360586937548968,0.03142940993475867,-0.9805758305885954,0.10408305726111872,0.0,0.0,0.0,1.0
-0.10000000000000003,-0.2,0.05,0.19634954084936207,1.5707963267948966,0.010081784791043265,0.9872273899119073,0.15899823339631886,0.3135288221039507,0.9933538400188502,0.008344436925477275,-0.11479773034429475,-0.22451772627610284,-0.11465821442544696,0.15909887171227807,-0.9805819919234947,0.10408176145845338,0.0,0.0,0.0,1.0
-0.10000000000000003,-0.2,0.05,0.39269908169872414,-1.5707963267948966,-0.03707441753470631,-0.9492917325146679,0.3122029694666001,0.3457496165563637,-0.9739484903191927,-0.03561686732790425,-0.22395485475138016,-0.2474747794244058,0.22371818381487815,-0.31237260657914145,-0.9232407751445587,0.11614130744166495,0.0,0.0,0.0,1.0
-0.10000000000000003,-0.2,0.05,0.39269908169872414,-0.7853981633974483,-0.6974955148308765,-0.6452090221018801,0.3117776845592804,0.3456601740369355,-0.7138494770081066,0.6636254513805172,-0.22365192700993544,-0.24741107008524707,-0.06260136552874339,-0.3785585530381533,-0.9234578988538658,0.11609564372011319,0.0,0.0,0.0,1.0
-0.10000000000000003,-0.2,0.05,0.39269908169872414,0.0,-0.9494354831950953,0.03697213357313423,0.3117776845592804,0.3456601740369355,-0.035513749099755514,0.9740218627780498,-0.22365192700993544,-0.24741107008524707,-0.3119471700063577,-0.2234154698525333,-0.9234578988538658,0.11609564372011319,0.0,0.0,0.0,1.0
-0.10000000000000003,-0.2,0.05,0.39269908169872414,0.7853981633974483,-0.6452186803016973,0.6974971426254553,0.3117540546954632,0.3456552043930164,0.6636323796363985,0.7138483093187258,-0.2236350955930839,-0.24740753023630618,-0.37852994503456056,0.06259654393113274,-0.9234699526243454,0.11609310866753608,0.0,0.0,0.0,1.0
-0.10000000000000003,-0.2,0.05,0.39269908169872414,1.5707963267948966,0.03696645521913485,0.949443463598265,0.3117540546954632,0.3456552043930164,0.9740259361136858,0.03550802440196023,-0.2236350955930839,-0.24740753023630618,-0.22339865032356326,0.3119235317086545,-0.9234699526243454,0.11609310866753608,0.0,0.0,0.0,1.0
-0.10000000000000003,-0.2,0.1,-0.39269908169872414,-1.5707963267948966,-0.03720973052293297,-0.9496229744880992,-0.3111778306351302,0.2145127173051891,-0.9747450363539304,-0.034125435563368875,0.2206979128831654,-0.1540903467265976,-0.22019888750351493,0.31153115570033346,-0.9243704825286391,0.16606560551749874,0.0,0.0,0.0,1.0
-0.10000000000000003,-0.2,0.1,-0.39269908169872414,-0.7853981633974483,-0.6978220102824803,-0.6453277494020316,-0.31079983561293323,0.21459221419429736,-0.7133607739735651,0.6652278313323519,0.22042762661856136,-0.15414719117147901,0.06450463643145553,0.37553166081245926,-0.924562125336249,0.16602530073534466,0.0,0.0,0.0,1.0
-0.10000000000000003,-0.2,0.1,-0.39269908169872414,0.0,-0.9497423618145934,0.03712461827669708,-0.3108234368458205,0.21459007341665975,-0.034040873259529966,0.9748053222181184,0.220444557027292,-0.15414565222943905,0.3111762605382467,0.21994623546003222,-0.9245501546073058,0.16600618191550426,0.0,0.0,0.0,1.0
-0.10000000000000003,-0.2,0.1,-0.39269908169872414,0.7853981633974483,-0.6452942123106359,0.6978162142819537,-0.31088247078855746,0.2145811848719199,0.6652037448544907,0.7133649363673931,0.22048683723321666,-0.15413928623922143,0.37563194404890166,-0.06452130382089323,-0.9245202236637633,0.1659854309356504,0.0,0.0,0.0,1.0
-0.10000000000000003,-0.2,0.1,-0.39269908169872414,1.5707963267948966,0.03713018914550101,0.9497344198050461,-0.31084703777194295,0.21459157418327493,0.9748012928475474,0.03404661680955354,0.22046148721845676,-0.15414672136687313,0.2199631526341848,-0.31119987101764,-0.9245381829658711,0.16598537531602808,0.0,0.0,0.0,1.0
-0.10000000000000003,-0.2,0.1,-0.19634954084936207,-1.5707963267948966,-0.010316094272596603,-0.9873844397815112,-0.1580048932036931,0.2467361112917127,-0.9937696946842601,-0.007412836648079041,0.11120631178121756,-0.1771243958234298,-0.11097464632118172,0.15816768927369587,-0.9811562617359725,0.15407791393373052,0.0,0.0,0.0,1.0
-0.10000000000000003,-0.2,0.1,-0.19634954084936207,-0.7853981633974483,-0.7054758738031689,-0.6908622676375394,-0.15815536233834185,0.24670446582706645,-0.7079464335768813,0.6974389411055522,0.11131383838202918,-0.1771017816889599,0.03340117763537075,0.19049475211743513,-0.9811198248676293,0.1540855770443855,0.0,0.0,0.0,1.0
-0.10000000000000003,-0.2,0.1,-0.19634954084936207,0.0,-0.9873561212061865,0.010336262574390236,-0.15818043998126852,0.24669919169782725,-0.0074327678734123215,0.9937554997975814,0.11133175909774932,-0.17709801274739537,0.15834343648668972,0.1110998123223103,-0.981113748667061,0.15408685494227942,0.0,0.0,0.0,1.0
-0.10000000000000003,-0.2,0.1,-0.19634954084936207,0.7853981633974483,-0.6908573673924651,0.7054750501094172,-0.15818043998126852,0.24669919169782725,0.697435492182021,0.7079470133145719,0.11133175909774932,-0.17709801274739537,0.19052514837777804,-0.03340628701446134,-0.981113748667061,0.15408685494227942,0.0,0.0,0.0,1.0
-0.10000000000000003,-0.2,0.1,-0.19634954084936207,1.5707963267948966,0.010336262574390236,0.9873561212061865,-0.15818043998126852,0.24669919169782725,0.9937554997975814,0.0074327678734123215,0.11133175909774932,-0.17709801274739537,0.1110998123223103,-0.15834343648668972,-0.981113748667061,0.15408685494227942,0.0,0.0,0.0,1.0
-0.10000000000000003,-0.2,0.1,0.0,-1.5707963267948966,-0.0013322245068189292,-0.9999986884992494,0.0009209656044350976,0.2801629470575136,-0.9999963996537644,0.0013300750753357216,-0.002330574993991695,-0.2010045856360729,0.002329346984045109,-0.000924067137762073,-0.999996860116347,0.1500938728817074,0.0,0.0,0.0,1.0
-0.10000000000000003,-0.2,0.1,0.0,-0.7853981633974483,-0.7080479548982391,-0.7061641766867643,0.0004991279647123312,0.28007352450641076,-0.7061635277769688,0.7080458698991479,-0.002029324110390891,-0.20094072401415933,0.0010796304956790898,-0.0017893247505614245,-0.9999978163550807,0.15009908107502462,0.0,0.0,0.0,1.0
-0.10000000000000003,-0.2,0.1,0.0,0.0,-0.9999989882800381,0.0013320323475853608,0.0004991279647123312,0.28007352450641076,0.0013310168791058766,0.9999970551145251,-0.002029324110390891,-0.20094072401415933,-0.000501829620196433,-0.002028657709537389,-0.9999978163550807,0.15009908107502462,0.0,0.0,0.0,1.0
-0.10000000000000003,-0.2,0.1,0.0,0.7853981633974483,-0.7061641766867643,0.7080479548982392,0.0004991279647123312,0.28007352450641076,0.7080458698991479,0.7061635277769688,-0.002029324110390891,-0.20094072401415933,-0.0017893247505614245,-0.0010796304956790898,-0.9999978163550807,0.15009908107502462,0.0,0.0,0.0,1.0
-0.10000000000000003,-0.2,0.1,0.0,1.5707963267948966,0.0013320323475853608,0.9999989882800381,0.0004991279647123312,0.28007352450641076,0.9999970551145251,-0.0013310168791058766,-0.002029324110390891,-0.20094072401415933,-0.002028657709537389,0.000501829620196433,-0.9999978163550807,0.15009908107502462,0.0,0.0,0.0,1.0
-0.10000000000000003,-0.2,0.1,0.19634954084936207,-1.5707963267948966,-0.010476685233183708,-0.9871588620161258,0.15939767943590813,0.3134917966634209,-0.9932764373336883,-0.00810549011104343,-0.11548255308814101,-0.22480129950692793,0.11529162200359723,-0.1595358335079851,-0.9804367188772013,0.15421301460779238,0.0,0.0,0.0,1.0
-0.10000000000000003,-0.2,0.1,0.19634954084936207,-0.7853981633974483,-0.7054365205478025,-0.6906284654042251,0.15934753920539518,0.3134812515712613,-0.7080827488391748,0.6966282118964439,-0.11544676342938943,-0.22479377251221655,-0.031275170243629045,-0.19427160668344828,-0.9804490841256693,0.15421041404765656,0.0,0.0,0.0,1.0
-0.10000000000000003,-0.2,0.1,0.19634954084936207,0.0,-0.9871710958453074,0.010467972381064644,0.1593224688542216,0.3134759789755653,-0.00809662675269583,0.9932827497588019,-0.11542886842909264,-0.22479000897891416,-0.15946056616857565,-0.11523801710296191,-0.9804552652984097,0.1542091140728552,0.0,0.0,0.0,1.0
-0.10000000000000003,-0.2,0.1,0.19634954084936207,0.7853981633974483,-0.6906383374343562,0.7054381799606304,0.15929739834580325,0.3134707063467988,0.6966353641661478,0.7080815465972916,-0.11541097331487228,-0.22478624542165224,-0.19421085515234973,0.0312649583754843,-0.9804614455034795,0.15420781430156658,0.0,0.0,0.0,1.0
-0.10000000000000003,-0.2,0.1,0.19634954084936207,1.5707963267948966,0.010465069010821587,0.9871751725052942,0.15929739834580325,0.3134707063467988,0.9932848532482463,0.00809367321576014,-0.11541097331487228,-0.22478624542165224,-0.11522014857744475,0.15943547673908492,-0.9804614455034795,0.15420781430156658,0.0,0.0,0.0,1.0
-0.10000000000000003,-0.2,0.1,0.39269908169872414,-1.5707963267948966,-0.03750806871971401,-0.9492037442661778,0.3124186240479044,0.3456739375666591,-0.9737880932380734,-0.03546932797265899,-0.2246746007917349,-0.24776569744356616,0.22434325095414556,-0.312656646569742,-0.9229929182323604,0.16629413520901015,0.0,0.0,0.0,1.0
-0.10000000000000003,-0.2,0.1,0.39269908169872414,-0.7853981633974483,-0.6977496263412726,-0.6448982830498033,0.3118519896682241,0.34555476755699976,-0.7136247107550355,0.6636584685639174,-0.2242703932827242,-0.2476806877539311,-0.062331622314891165,-0.37902986903779995,-0.9232827991665294,0.1662331697699832,0.0,0.0,0.0,1.0
-0.10000000000000003,-0.2,0.1,0.39269908169872414,0.0,-0.9493954414763711,0.0373715432362161,0.3118519896682241,0.34555476755699976,-0.03533146868374902,0.9738862757105994,-0.2242703932827242,-0.2476806877539311,-0.3120897034900956,-0.2239394778476591,-0.9232827991665294,0.1662331697699832,0.0,0.0,0.0,1.0
-0.10000000000000003,-0.2,0.1,0.39269908169872414,0.7853981633974483,-0.6448982830498033,0.6977496263412726,0.3118519896682241,0.34555476755699976,0.6636584685639174,0.7136247107550354,-0.2242703932827242,-0.2476806877539311,-0.37902986903779995,0.06233162231489118,-0.9232827991665294,0.1662331697699832,0.0,0.0,0.0,1.0
-0.10000000000000003,-0.2,0.1,0.39269908169872414,1.5707963267948966,0.03737722684957084,0.949387461040807,0.31187560297581146,0.34555973371894505,0.9738821883042179,0.03533720786430476,-0.22428723780933849,-0.24768423036001241,-0.22395630425782526,0.31211332967184413,-0.9232707312724319,0.16623570779292665,0.0,0.0,0.0,1.0
-0.050000000000000044,-0.2,0.0,-0.19634954084936207,-1.5707963267948966,-0.008593242749640712,-0.9859254370921734,-0.16696463300248016,0.2951366922385764,-0.9950540256660478,-0.008093497785029137,0.09900495593350889,-0.17934378435552117,-0.09896283234041983,0.16698960383272624,-0.9809795257939643,0.05362050281080585,0.0,0.0,0.0,1.0
-0.050000000000000044,-0.2,0.0,-0.19634954084936207,-0.7853981633974483,-0.7033389584738857,-0.6910667546841625,-0.166556447077768,0.2952047386044149,-0.7092327987703799,0.6980186045399162,0.09878696707806217,-0.1794355888858673,0.04799111002262249,0.1876080176496944,-0.9810708868743115,0.05360708567073097,0.0,0.0,0.0,1.0
-0.050000000000000044,-0.2,0.0,-0.19634954084936207,0.0,-0.985984681022898,0.008861483070540018,-0.16660036886503002,0.2951460391833489,-0.007756675638855027,0.9950736963275102,0.09883406730545624,-0.17948791486546073,0.166655461270272,0.09874114134896557,-0.9810586854178992,0.05359172252242597,0.0,0.0,0.0,1.0
-0.050000000000000044,-0.2,0.0,-0.19634954084936207,0.7853981633974483,-0.6909135862004759,0.7034860040541104,-0.16657088131956732,0.2951459488147783,0.6981632801892754,0.7090853096287676,0.09882336699397452,-0.17950053820983813,0.18763382050938615,-0.04801526599587502,-0.9810647703553506,0.05359044278706071,0.0,0.0,0.0,1.0
-0.050000000000000044,-0.2,0.0,-0.19634954084936207,1.5707963267948966,0.008896524858350624,0.9859879471477834,-0.1665791701406415,0.2951379132971361,0.9950764377354102,0.007715022809746573,0.09880972364525274,-0.1795137803125909,0.09871035867248626,-0.16663807038712725,-0.9810647372056565,0.05359044975883917,0.0,0.0,0.0,1.0
-0.050000000000000044,-0.2,0.0,0.0,-1.5707963267948966,-0.000458081972578688,-0.9999997163710533,0.0005978450629104969,0.3303003918989114,-0.9999976762483739,0.0004568214685054651,-0.002106848831402318,-0.20073256015661278,0.0021065751253793365,-0.0005988087831356986,-0.9999976018817657,0.04960864112307731,0.0,0.0,0.0,1.0
-0.050000000000000044,-0.2,0.0,0.0,-0.7853981633974483,-0.7074305231240121,-0.7067827873629652,0.0003826746974909736,0.3302551389890193,-0.7067819931039918,0.7074286577395941,-0.0019769756460399526,-0.20070524626725286,0.0011265773100597976,-0.0016690405008845867,-0.9999979725616301,0.049608563164653646,0.0,0.0,0.0,1.0
-0.050000000000000044,-0.2,0.0,0.0,0.0,-0.999999821889618,0.00045801834905346195,0.0003826746974909736,0.3302551389890193,0.00045726094898801054,0.9999979412377404,-0.0019769756460399526,-0.20070524626725286,-0.0003835794007763008,-0.0019768003117246655,-0.9999979725616301,0.049608563164653646,0.0,0.0,0.0,1.0
-0.050000000000000044,-0.2,0.0,0.0,0.7853981633974483,-0.706782798622314,0.7074305259128558,0.0003557783998351428,0.3302494823748667,0.7074287177787906,0.7067819782327996,-0.0019607414889209742,-0.20070183202920086,-0.0016385461439344228,-0.0011341304997056357,-0.9999980144553007,0.04960855435391201,0.0,0.0,0.0,1.0
-0.050000000000000044,-0.2,0.0,0.0,1.5707963267948966,0.0004580123595018295,0.9999998318231903,0.0003557783998351428,0.3302494823748667,0.9999979731763428,-0.00045731391863173735,-0.0019607414889209742,-0.20070183202920086,-0.0019605784567554418,0.0003566757225707566,-0.9999980144553007,0.04960855435391201,0.0,0.0,0.0,1.0
-0.050000000000000044,-0.2,0.0,0.19634954084936207,-1.5707963267948966,-0.009032999949915195,-0.9857783178306037,0.16780796467084197,0.3654630089278655,-0.9946458992022249,-0.008419035844515544,-0.10299832540214537,-0.22194901745562565,0.10294629722385501,-0.16783988778152376,-0.9804243122023154,0.05372224046289195,0.0,0.0,0.0,1.0
-0.050000000000000044,-0.2,0.0,0.19634954084936207,-0.7853981633974483,-0.703456818710471,-0.6907399053751919,0.1674123273000364,0.3653798016411366,-0.7092623615487811,0.6974147614007064,-0.10275968601860369,-0.2218988287295942,-0.045775612502617115,-0.1910262644315351,-0.9805169858790532,0.05370275007658987,0.0,0.0,0.0,1.0
-0.050000000000000044,-0.2,0.0,0.19634954084936207,0.0,-0.9858459579090422,0.008992215655137643,0.1674123273000364,0.3653798016411366,-0.008377518405490253,0.9946709325775653,-0.10275968601860369,-0.2218988287295942,-0.16744421297784132,-0.10270772095070474,-0.9805169858790532,0.05370275007658987,0.0,0.0,0.0,1.0
-0.050000000000000044,-0.2,0.0,0.19634954084936207,0.7853981633974483,-0.6907399053751918,0.703456818710471,0.1674123273000364,0.3653798016411366,0.6974147614007064,0.709262361548781,-0.10275968601860369,-0.2218988287295942,-0.19102626443153506,0.04577561250261713,-0.9805169858790532,0.05370275007658987,0.0,0.0,0.0,1.0
-0.050000000000000044,-0.2,0.0,0.19634954084936207,1.5707963267948966,0.008992215655137643,0.9858459579090422,0.1674123273000364,0.3653798016411366,0.9946709325775653,0.008377518405490253,-0.10275968601860369,-0.2218988287295942,-0.10270772095070474,0.16744421297784132,-0.9805169858790532,0.05370275007658987,0.0,0.0,0.0,1.0
-0.050000000000000044,-0.2,0.0,0.39269908169872414,-1.5707963267948966,-0.03426426454866392,-0.9439326438655521,0.3283551796758022,0.3992274066170314,-0.9792476401536057,-0.03395681741935064,-0.199802386883499,-0.2423077042938816,0.19974989218653832,-0.3283871166713731,-0.9231803085940083,0.06575527539931131,0.0,0.0,0.0,1.0
-0.050000000000000044,-0.2,0.0,0.39269908169872414,-0.7853981633974483,-0.6917243707626285,-0.6433727874118501,0.32800739520771804,0.3991542633699797,-0.7164226256843351,0.6685068062093094,-0.19959276404567355,-0.24226361809561286,-0.09086262323204562,-0.3730550984368601,-0.9233492715271162,0.06571974046692353,0.0,0.0,0.0,1.0
-0.050000000000000044,-0.2,0.0,0.39269908169872414,0.0,-0.9440562540880624,0.03418973246844213,0.32800739520771804,0.3991542633699797,-0.03388160087690108,0.9792929927568288,-0.19959276404567355,-0.24226361809561286,-0.3280393669046966,-0.19954021281714093,-0.9233492715271162,0.06571974046692353,0.0,0.0,0.0,1.0
-0.050000000000000044,-0.2,0.0,0.39269908169872414,0.7853981633974483,-0.6433727874118499,0.6917243707626285,0.32800739520771804,0.3991542633699797,0.6685068062093094,0.716422625684335,-0.19959276404567355,-0.24226361809561286,-0.37305509843686,0.09086262323204565,-0.9233492715271162,0.06571974046692353,0.0,0.0,0.0,1.0
-0.050000000000000044,-0.2,0.0,0.39269908169872414,1.5707963267948966,0.03418973246844213,0.9440562540880624,0.32800739520771804,0.3991542633699797,0.9792929927568288,0.03388160087690108,-0.19959276404567355,-0.24226361809561286,-0.19954021281714093,0.3280393669046966,-0.9233492715271162,0.06571974046692353,0.0,0.0,0.0,1.0
-0.050000000000000044,-0.2,0.05,-0.39269908169872414,-1.5707963267948966,-0.03525095019463633,-0.9442451369670777,-0.327350716853347,0.2611356932730511,-0.9799003255552963,-0.03169769176271278,0.19695331506105812,-0.15911953271166512,-0.19634847207706926,0.32771386551524007,-0.9241487433644324,0.11600782987336541,0.0,0.0,0.0,1.0
-0.050000000000000044,-0.2,0.05,-0.39269908169872414,-0.7853981633974483,-0.6926454780969448,-0.6429054116702689,-0.32697839885371144,0.2612233786899727,-0.715285373835293,0.6705707972655358,0.1967273235520902,-0.15917276349234027,0.0927851046728949,0.3701451573366123,-0.9243286681971378,0.11603482154487543,0.0,0.0,0.0,1.0
-0.050000000000000044,-0.2,0.05,-0.39269908169872414,0.0,-0.9443902785324709,0.035163597761037516,-0.32694116168794324,0.26123454670449575,-0.03161001914275558,0.9799530897687593,0.19670472425047877,-0.15917954415906693,0.327303847369927,0.19610064570307315,-0.9243466493971193,0.11603445425133818,0.0,0.0,0.0,1.0
-0.050000000000000044,-0.2,0.05,-0.39269908169872414,0.7853981633974483,-0.642904849983882,0.6926591786533162,-0.3269504795752957,0.26122950702441494,0.6705868956223076,0.7152730105927735,0.1967174006975149,-0.159182104350318,0.3701169670345288,-0.09277813613596717,-0.9243406559100911,0.11602964903725965,0.0,0.0,0.0,1.0
-0.050000000000000044,-0.2,0.05,-0.39269908169872414,1.5707963267948966,0.03518158018316005,0.9443863877306137,-0.3269504657970977,0.2612262434282248,0.9799509313139977,0.03159790453742113,0.19671742334036577,-0.15918011435645246,0.19610820643880392,-0.3273162432540849,-0.9243406559647738,0.11602016906221618,0.0,0.0,0.0,1.0
-0.050000000000000044,-0.2,0.05,-0.19634954084936207,-1.5707963267948966,-0.010038077728822509,-0.9860425058003193,-0.16619089551036656,0.2950359101743678,-0.9950410458827315,-0.00659758505917281,0.0992461025934375,-0.17967950276538044,-0.09895733426133833,0.16636300257693848,-0.9810865391847324,0.10408582887046022,0.0,0.0,0.0,1.0
-0.050000000000000044,-0.2,0.05,-0.19634954084936207,-0.7853981633974483,-0.7043184161808558,-0.690070835932964,-0.16654672024171152,0.29496100585168444,-0.7082755653672879,0.69889418489317,0.09946176062266424,-0.17963410468306856,0.04776287399371549,0.18801372215158013,-0.9810043568458647,0.1041091784587933,0.0,0.0,0.0,1.0
-0.050000000000000044,-0.2,0.05,-0.19634954084936207,0.0,-0.9859708967089788,0.010081300752169536,-0.16661259921757518,0.29494722082429736,-0.006640349485511636,0.9950152334088757,0.09950171376911639,-0.17962574466780107,0.16678518100119774,0.09921215983650998,-0.98098911856298,0.10410631759626224,0.0,0.0,0.0,1.0
-0.050000000000000044,-0.2,0.05,-0.19634954084936207,0.7853981633974483,-0.6900522537118802,0.7043276447271718,-0.16658468122918707,0.2949499420057694,0.698900456531944,0.7082656415317675,0.09948835552482589,-0.17963373747915534,0.1880586052447352,-0.04777394581431226,-0.9809952146135761,0.10410503552366926,0.0,0.0,0.0,1.0
-0.050000000000000044,-0.2,0.05,-0.19634954084936207,1.5707963267948966,0.010086114490191408,0.9859889200116154,-0.16650561524711097,0.2949665705305918,0.9950215344422843,0.0066141601896508515,0.09944042880593217,-0.17964381704325932,0.09914845581557369,-0.1666796403263273,-0.9810134969561191,0.10410119052764435,0.0,0.0,0.0,1.0
-0.050000000000000044,-0.2,0.05,0.0,-1.5707963267948966,-0.0016300127612880332,-0.9999984388790982,0.0006821273814220675,0.33012815905828385,-0.9999969185362633,0.001628732288726654,-0.001873539193541291,-0.2009513602811646,0.0018724252658290082,-0.0006851791722656155,-0.9999980122745874,0.10010851914198665,0.0,0.0,0.0,1.0
-0.050000000000000044,-0.2,0.05,0.0,-0.7853981633974483,-0.7082583175097836,-0.7059532748704123,0.0003596914658265184,0.3300603469160031,-0.7059527539576512,0.7082569398332299,-0.0016782007258775147,-0.2009102782573533,0.0009299773214526745,-0.00144252480342911,-0.9999985271311019,0.10010841086148337,0.0,0.0,0.0,1.0
-0.050000000000000044,-0.2,0.05,0.0,0.0,-0.9999986163176362,0.001629905659942019,0.0003328218032539889,0.33005469590352815,0.0016293503759816984,0.9999972916117953,-0.0016619225090899032,-0.20090685475302425,-0.0003355296787474221,-0.0016613779261868138,-0.9999985636205789,0.10010840318730849,0.0,0.0,0.0,1.0
-0.050000000000000044,-0.2,0.05,0.0,0.7853981633974483,-0.7059532951711701,0.7082583225280551,0.00030595214035303157,0.33004904489098413,0.7082570412036525,0.705952728899263,-0.001645644290662041,-0.20090343124835025,-0.0013815290131770498,-0.0009450552519960878,-0.999998599123097,0.1001083957207029,0.0,0.0,0.0,1.0
-0.050000000000000044,-0.2,0.05,0.0,1.5707963267948966,0.001629900474873922,0.9999986249079195,0.00030595214035303157,0.33004904489098413,0.9999973184600399,-0.0016293948564055426,-0.001645644290662041,-0.20090343124835025,-0.001645143510905846,0.0003086335563410558,-0.999998599123097,0.1001083957207029,0.0,0.0,0.0,1.0
-0.050000000000000044,-0.2,0.05,0.19634954084936207,-1.5707963267948966,-0.010196684776712192,-0.9858057343588338,0.16758007556032667,0.3652288003356856,-0.9946597858062406,-0.00721348178066452,-0.10295570008738514,-0.22221015170307068,0.10270315535292941,-0.16773496888198505,-0.9804677669840614,0.10421596408952777,0.0,0.0,0.0,1.0
-0.050000000000000044,-0.2,0.05,0.19634954084936207,-0.7853981633974483,-0.7042977325319176,-0.6899312478495416,0.16721117543744962,0.36515121621304314,-0.7084205266596283,0.6982738890633545,-0.1027323379449375,-0.22216317596416824,-0.04588094765471128,-0.1908099816390958,-0.9805541747140714,0.10419779150701391,0.0,0.0,0.0,1.0
-0.050000000000000044,-0.2,0.05,0.19634954084936207,0.0,-0.9858687665545358,0.010158638740720968,0.16721117543744962,0.36515121621304314,-0.007174756250567259,0.9946831604149695,-0.1027323379449375,-0.22216317596416824,-0.16736576114899665,-0.10248030272117385,-0.9805541747140714,0.10419779150701391,0.0,0.0,0.0,1.0
-0.050000000000000044,-0.2,0.05,0.19634954084936207,0.7853981633974483,-0.6899312478495415,0.7042977325319179,0.16721117543744962,0.36515121621304314,0.6982738890633547,0.7084205266596282,-0.1027323379449375,-0.22216317596416824,-0.1908099816390958,0.045880947654711325,-0.9805541747140714,0.10419779150701391,0.0,0.0,0.0,1.0
-0.050000000000000044,-0.2,0.05,0.19634954084936207,1.5707963267948966,0.010158638740720968,0.9858687665545358,0.16721117543744962,0.36515121621304314,0.9946831604149695,0.007174756250567259,-0.1027323379449375,-0.22216317596416824,-0.10248030272117385,0.16736576114899665,-0.9805541747140714,0.10419779150701391,0.0,0.0,0.0,1.0
-0.050000000000000044,-0.2,0.05,0.39269908169872414,-1.5707963267948966,-0.035381650401703935,-0.9440806632822101,0.3278106771163408,0.39892777656791917,-0.9792607605683245,-0.032725742079560353,-0.19994346355029663,-0.24260818132676634,0.19949060535774188,-0.3280864627228078,-0.9233432575981899,0.11618140861100137,0.0,0.0,0.0,1.0
-0.050000000000000044,-0.2,0.05,0.39269908169872414,-0.7853981633974483,-0.6926116175279146,-0.6426571613214442,0.32753766236515314,0.3988703582895674,-0.7155659442826062,0.6693683789923055,-0.19977825854720851,-0.24257343673215687,-0.09085442558460106,-0.3727435394577303,-0.9234758941868573,0.11615351354476555,0.0,0.0,0.0,1.0
-0.050000000000000044,-0.2,0.05,0.39269908169872414,0.0,-0.9441820173534459,0.03532049298143958,0.327525237015295,0.39886767562963676,-0.032663912876713684,0.979298068581414,-0.1997707728079723,-0.24257182017528067,-0.3278008341996091,-0.19931822708488087,-0.9234819204780245,0.11615831180996042,0.0,0.0,0.0,1.0
-0.050000000000000044,-0.2,0.05,0.39269908169872414,0.7853981633974483,-0.6426571437303077,0.6926116477146936,0.3275376330474713,0.3988702131227841,0.6693683898998614,0.7155659205965504,-0.1997783068395526,-0.2425733624069589,-0.3727435501994232,0.09085438201181364,-0.9234758941380017,0.11616564488684847,0.0,0.0,0.0,1.0
-0.050000000000000044,-0.2,0.05,0.39269908169872414,1.5707963267948966,0.03532316851816976,0.9441776171375263,0.3275376330474713,0.3988702131227841,0.9792964424499283,0.03266658722970243,-0.1997783068395526,-0.2425733624069589,-0.1993257423684939,0.32781324161062697,-0.9234758941380017,0.11616564488684847,0.0,0.0,0.0,1.0
-0.050000000000000044,-0.2,0.1,-0.39269908169872414,-1.5707963267948966,-0.03415973601918473,-0.9444043861971235,-0.32700683137624814,0.26136042550245897,-0.9800132344442777,-0.03250808872034338,0.1962582086991921,-0.1589821814632162,-0.1959774802092449,0.3271751511031738,-0.9244183294112306,0.16599451389337078,0.0,0.0,0.0,1.0
-0.050000000000000044,-0.2,0.1,-0.39269908169872414,-0.7853981633974483,-0.691956552141733,-0.643725453986075,-0.32682360661149806,0.26140501930705734,-0.7159604689689963,0.6700221051391827,0.19614021897243067,-0.15900357782115923,0.09271858940805992,0.36971329231619443,-0.9245081636540047,0.16597953068835813,0.0,0.0,0.0,1.0
-0.050000000000000044,-0.2,0.1,-0.39269908169872414,0.0,-0.9444395693438203,0.03413834700960682,-0.32690743815507023,0.261389431728121,-0.032487142545684536,0.9800259698378198,0.19619807341729245,-0.158999743656437,0.3270756570380555,0.1959175125069032,-0.9244662475538152,0.1659458889215705,0.0,0.0,0.0,1.0
-0.050000000000000044,-0.2,0.1,-0.39269908169872414,0.7853981633974483,-0.6436602990741241,0.6919540979709046,-0.32695710069836503,0.26138195035139256,0.6699990782844149,0.7159579102292404,0.19622819847874454,-0.15899520548906299,0.369868428625428,-0.09275665518684384,-0.9244422904782675,0.16592666581071935,0.0,0.0,0.0,1.0
-0.050000000000000044,-0.2,0.1,-0.39269908169872414,1.5707963267948966,0.0341488726891729,0.9444219972009218,-0.32695710069836503,0.26138195035139256,0.9800195850108916,0.032497801723598944,0.19622819847874454,-0.15899520548906299,0.19594761414505305,-0.3271253339106523,-0.9244422904782675,0.16592666581071935,0.0,0.0,0.0,1.0
-0.050000000000000044,-0.2,0.1,-0.19634954084936207,-1.5707963267948966,-0.008992852175787915,-0.9860637138355683,-0.16612489538461947,0.29520689311533704,-0.9950737360468718,-0.007578093485886578,0.09884752060036632,-0.17947553061502047,-0.09872886325419286,0.16619544144147122,-0.9811379550321195,0.15400288720706964,0.0,0.0,0.0,1.0
-0.050000000000000044,-0.2,0.1,-0.19634954084936207,-0.7853981633974483,-0.7036013585268722,-0.6908527300727715,-0.16633590601592388,0.2951565872399438,-0.7089877314869808,0.6982408795939297,0.09897510123682701,-0.17944510309650005,0.047765310425921026,0.18756913236162767,-0.981089341347169,0.15406163417321533,0.0,0.0,0.0,1.0
-0.050000000000000044,-0.2,0.1,-0.19634954084936207,0.0,-0.9860257041034831,0.009016016062004943,-0.16634909768796557,0.29515672678925664,-0.007600477686640928,0.9950600910975467,0.09898306847070837,-0.1794451950592771,0.1664197812345801,0.09886418238832367,-0.9810863009208328,0.1540661835185455,0.0,0.0,0.0,1.0
